3
4
5
6
7
8
13
14
15
16
17
18
20
21
22
23
24
25
26
31
32
33
128
129
130
133
134
135
147
148
149
150
151
152
153
154
155
176
177
178
192
193
194
205
206
207
208
214
215
216
225
226
227
228
229
233
234
235
238
239
240
244
245
246
247
260
261
262
277
278
279
280
281
290
291
292
296
297
298
299
300
301
304
305
306
307
308
321
322
323
331
332
333
365
366
367
368
369
370
372
373
374
375
376
377
378
381
382
383
384
385
393
394
395
396
407
408
409
410
421
422
471
472
473
477
478
479
480
481
510
511
512
513
514
515
516
532
533
534
537
538
539
564
565
566
578
579
580
609
610
611
613
614
615
619
620
621
622
623
624
634
635
636
647
648
649
658
659
660
661
662
677
678
679
680
694
695
696
703
704
705
709
710
711
715
716
717
719
720
721
753
754
755
762
763
764
783
784
785
983
984
985
1028
1029
1030
1038
1039
1040
1041
1042
1043
1044
1046
1047
1048
1058
1059
1060
1061
1062
1063
1097
1098
1099
1107
1108
1109
1110
1111
1112
1121
1122
1123
1131
1132
1133
1149
1150
1151
1155
1156
1157
1159
1160
1161
1398
1399
1400
1405
1406
1407
1413
1414
1415
1441
1442
1443
1454
1455
1456
1461
1462
1463
1487
1488
1489
1490
1491
1492
1499
1500
1501
1527
1528
1529
1535
1536
1537
1551
1552
1553
1572
1573
1574
1665
1666
1667
1668
1669
1670
1672
1673
1674
